Title
---------
352	FT911-3246	1	0.20635501613870863
352	FT911-4701	2	0.17646024840664093
352	FT911-437		3	0.1539351678703274
352	FT911-3618	4	0.14210491916124834
352	FT911-3866	5	0.13567935420649044
352	FT911-1087	6	0.13333236982072222
352	FT911-3772	7	0.12440423369143476
352	FT911-2267	8	0.12349366009166836
352	FT911-1174	9	0.11162843261480478
352	FT911-5179	10	0.11015179726268842
353	FT911-122		1	0.4829467208583243
353	FT911-558		2	0.38110576306003946
353	FT911-1769	3	0.3585414415879132
353	FT911-4151	4	0.2764201597745259
353	FT911-4261	5	0.20808821087299892
353	FT911-4348	6	0.20796429788494813
353	FT911-4931	7	0.1986856596495097
353	FT911-1562	8	0.1496476531475067
353	FT911-3327	9	0.13201218135006024
353	FT911-4349	10	0.12654030057344748
354	FT911-885		1	0.37742822590390934
354	FT911-3514	2	0.3066137233582083
354	FT911-2786	3	0.29455492392561944
354	FT911-4783	4	0.24232793246362458
354	FT911-1588	5	0.2255934753960542
354	FT911-4804	6	0.22558963510212232
354	FT911-1900	7	0.21175452464600292
354	FT911-3494	8	0.19758609180954614
354	FT911-1702	9	0.1955485706436518
354	FT911-1288	10	0.19516413936549598
359	FT911-4650	1	0.3574216274307668
359	FT911-1897	2	0.22931570376363455
359	FT911-2712	3	0.2098662145816122
359	FT911-391		4	0.20752564535052773
359	FT911-4652	5	0.19244751255173198
359	FT911-4645	6	0.1876527218005586
359	FT911-3000	7	0.17970271440712254
359	FT911-2520	8	0.16507434400102833
359	FT911-515		9	0.1588098250377454
359	FT911-5244	10	0.14472224861436286
------------------------------------------------------
Title+description
---------
352	FT911-437		1	0.17342056942178477
352	FT911-3246	2	0.15498388010534492
352	FT911-3772	3	0.14015155434411983
352	FT911-4701	4	0.13253127786353877
352	FT911-2332	5	0.1210847532102776
352	FT911-3886	6	0.12092703599678015
352	FT911-3618	7	0.12053030159611619
352	FT911-91		8	0.11668712665125963
352	FT911-2549	9	0.11581025078991704
352	FT911-4606	10	0.1156148932586898
353	FT911-122		1	0.40719102133862806
353	FT911-558		2	0.3213249789182824
353	FT911-1769	3	0.30230012853785376
353	FT911-4151	4	0.2330605060888175
353	FT911-4261	5	0.1826706172385876
353	FT911-4348	6	0.17534272664123654
353	FT911-4931	7	0.16751954860411272
353	FT911-4349	8	0.13021524894165046
353	FT911-1562	9	0.12617371253243845
353	FT911-3327	10	0.11579193728984105
354	FT911-4783	1	0.3216891886360232
354	FT911-885		2	0.266497763205279
354	FT911-3514	3	0.21649645107307905
354	FT911-2786	4	0.21022197256247935
354	FT911-1702	5	0.18225828576445421
354	FT911-1288	6	0.18189998201659097
354	FT911-4633	7	0.17812969823554808
354	FT911-1293	8	0.1687972039143017
354	FT911-230		9	0.16575744733843092
354	FT911-1588	10	0.15928897856743704
359	FT911-4650	1	0.33961124243136437
359	FT911-1897	2	0.19379146217252385
359	FT911-2712	3	0.18445744559790703
359	FT911-4645	4	0.17694166487817303
359	FT911-391		5	0.17537699159159398
359	FT911-4641	6	0.17235499677225513
359	FT911-4652	7	0.16263467454155034
359	FT911-3000	8	0.15186422564947055
359	FT911-2520	9	0.14588666752856952
359	FT911-4656	10	0.14190210236923217
------------------------------------------------------
Title+narration
---------
352	FT911-91		1	0.13906098603169836
352	FT911-428		2	0.1288597856725692
352	FT911-3973	3	0.12293360188909433
352	FT911-5193	4	0.12085233651868257
352	FT911-4569	5	0.11939418541915371
352	FT911-5293	6	0.11635171673017128
352	FT911-4348	7	0.11631181488179645
352	FT911-3917	8	0.11230888752430453
352	FT911-2222	9	0.10959482317491522
352	FT911-3246	10	0.10359508279534621
353	FT911-122		1	0.45199893454203915
353	FT911-1769	2	0.3866671095708053
353	FT911-558		3	0.36839174964341836
353	FT911-4348	4	0.24586212212708664
353	FT911-4349	5	0.22068598387061375
353	FT911-4151	6	0.2098086358581896
353	FT911-4261	7	0.1680460958888122
353	FT911-4931	8	0.15791365287473652
353	FT911-826		9	0.15352219636590347
353	FT911-2897	10	0.12564051643622823
354	FT911-4783	1	0.2997230196776589
354	FT911-885		2	0.24830027600213658
354	FT911-3514	3	0.20171324482570266
354	FT911-2786	4	0.19378007231271596
354	FT911-1702	5	0.16981299247953238
354	FT911-1288	6	0.1694791550828616
354	FT911-4633	7	0.16596632070789458
354	FT911-1705	8	0.1636244322368613
354	FT911-1293	9	0.15727108481591864
354	FT911-230		10	0.15443889445270484
359	FT911-4650	1	0.28604875296879373
359	FT911-428		2	0.20474256854314277
359	FT911-2712	3	0.1851877552649648
359	FT911-391		4	0.16075596224815336
359	FT911-4645	5	0.1581307763611699
359	FT911-1897	6	0.1505298147953245
359	FT911-4641	7	0.1438213297780242
359	FT911-4652	8	0.14316664685369285
359	FT911-2520	9	0.13325369781763657
359	FT911-3973	10	0.12906397259031463
